ALGO = D
AMIN = 0.01
BMIX = 3.0
EDIFF = 1e-05
ENCUT = 400
GGA = Pe
ICHARG = 11
ISPIN = 2
KPAR = 6
LCHARG = False
LDAU = True
LDAUJ = 0.0 0.0
LDAUL = 1 1
LDAUU = -4.2542542542542545 -3.513513513513513
LMAXMIX = 4
LORBIT = 11
LSORBIT = True
LWAVE = False
MAGMOM = 0.0 0.0 0.0 0.0 0.0 0.0
NBANDS = 21
NCORE = 3
PREC = N
SAXIS = 0.0000 0.0000 1.0000
SIGMA = 0.05
